0.044066457000099035
0.014093709000007948
0.01230601299994305
0.0122543659999792
0.012221124999996391
0.012216643000101612
0.01220768000030148
0.012195846999929927
0.012267753999822162
0.01225967899972602
0.012247643000137032
0.01221101400005864
0.012252976000127092
0.012201588000152697
0.01225929099973655
0.012238921000061964
0.012255642999662086
0.01225080899985187
0.012247160999777407
0.01225034599974606
0.012238938999871607
0.012253050000254007
0.012241513999924791
0.012249939999946946
0.012273345999801677
0.012201199000173801
0.012229698999817629
0.012226457999986451
0.012233439000283397
0.01219690299967624
0.01224910600012663
0.012245828000231995
0.012221977000081097
0.012261068000043451
0.012248753999756445
0.012272939000013139
0.012276680000013585
0.012335197000084008
0.012243680000210588
0.012259051000000909
0.012257623999630596
0.012251753999862558
0.012208532999920862
0.012247791999925539
0.0122340319999239
0.012271124000108102
0.012655229999836592
0.012204235999888624
0.012232625000251574
0.012264346999927511
0.01225199500004237
0.01228090200038423
0.012199311000131274
0.012256735999926605
0.012243569000020216
0.012262254000233952
0.012255716999789001
0.012249625000094966
0.012258068999926763
0.012274087000150757
0.012304568000217841
0.012235642999712582
0.012217217999932473
0.01226495699984298
0.012241105999692081
