0.02235919400027342
0.021129210999788484
0.021162135999929887
0.021089266999752
0.021105359000102908
0.021217229000285442
0.02108461800025907
0.021143821999885404
0.021107119000134844
0.021135693000360334
0.02112952600009521
0.02105463799989593
0.021084619000248495
0.021139432999916608
0.02112465499976679
0.021120100000189268
0.021050842000022385
0.021879051999803778
0.02103319299976647
0.021110099999987142
0.021120804000020144
0.021153357999992295
0.02108399000007921
0.02112521100025333
0.021102712000356405
0.021111211000061303
0.02113169199992626
0.02102528599971265
0.021049785999821324
0.021088785999836546
0.02111395200017796
0.021036582999840903
0.02115797000033126
0.021028137999564933
0.0211404700003186
0.02115460000004532
0.021118563000072754
0.02108761899989986
0.021038990000306512
0.020992823999677057
0.02107954500024789
0.021086915000068984
0.021375558999807254
0.021551222999733
0.02112989600027504
0.021182524999858288
0.02110124800037738
0.02107695299991974
0.0210686559998976
0.02116539600001488
0.021080100999824936
0.02111556299996664
0.021129413999915414
0.02114632100028757
0.021123988999988796
0.02111234099993453
0.021166618000279414
0.02114802599999166
0.0210713599999508
0.021161748000395164
0.02115511800002423
0.02100174999986848
0.02111584100020991
0.02114706300017133
0.02108071100019515
