0.01662205399998129
0.013938107999820204
0.013863609000054566
0.014001552000081574
0.013911089999965043
0.013992496999890136
0.01394473799973639
0.01397759000019505
0.013935034000041924
0.013950535000276432
0.014010385999881692
0.013904405999710434
0.013854795000042941
0.015377033999811829
0.014021422000041639
0.013940071999968495
0.013944442000138224
0.014041421999991144
0.013912219999838271
0.013838813999882404
0.01396507199979169
0.01386540600014996
0.013981663999857119
0.013969570999961434
0.013955886000076134
0.014027144000010594
0.013913238999975874
0.013758425999640167
0.01380814799995278
0.014037108000138687
0.013978089999909571
0.013875091000045359
0.013960293999843998
0.013933609000105207
0.01385857200011742
0.013919385999997758
0.013953867000054743
0.013881758000025002
0.013765666999915993
0.015066352999838273
0.015091630999904737
0.013976755999919988
0.01409799600014594
0.013748926000062056
0.0139063689998693
0.013804555000206165
0.013737684999796329
0.013868997999907151
0.013726241000313166
0.013840388000062376
0.013818999000250187
0.013869943000372587
0.01369413100019301
0.013813351999942824
0.013925091000146494
0.013866257000245241
0.013800276999972994
0.013691185999959998
0.013822721999986243
0.013894941999751609
0.013774796000234346
0.013940959999672486
0.013851776000137761
0.013946034999662515
0.013813851000122668
