0.040352418000111356
0.010805006999817124
0.011372054999810643
0.01129411199963215
0.011255649000304402
0.011315315000047121
0.011172317000273324
0.010959820000152831
0.011409406000439049
0.011151984000207449
0.011402499000269017
0.01092641300010655
0.01082871000016894
0.011087281000072835
0.011272630000348727
0.011251000999891403
0.010942171999886341
0.01096419000032256
0.011325610999847413
0.01101324499995826
0.011034596000172314
0.014118833999873459
0.011614403999828937
0.011320537999836233
0.010991412000294076
0.010936376000245218
0.011086058999808301
0.011425128000155382
0.011240797000027669
0.011097188000348979
0.01137994400005482
0.01141079599983641
0.011218482999993284
0.011225613000078738
0.011424573000113014
0.01084656199964229
0.01134249999995518
0.011104539999905683
0.010842154999863851
0.010991394000029686
0.011189946000286
0.011205352999695606
0.01099909699996715
0.014716195999881165
0.012193045000003622
0.011973602999660216
0.011328795999816066
0.011075485000219487
0.013279308000164747
0.011346869999670162
0.01125327899990225
0.010797636000006605
0.010904635999850143
0.011066892000144435
0.012016361000405595
0.011421683999742527
0.011305741000342096
0.011056725999878836
0.011010281999915605
0.010959857000216289
0.017377013999976043
0.012119897000047786
0.011263316000167833
0.010937172000012652
0.013839670999914233
