0.283009654000125
0.07381595700098842
0.10442361599962169
0.07342948299992713
0.07439280600010534
0.07465418200081331
0.04821138400075142
0.07403024599989294
0.08175618600034795
0.07375573900026211
0.08421924100002798
0.09680961100093555
0.07427138600178296
0.05550524899990705
0.10219212300034997
0.07380558299882978
0.07350914899870986
0.07456923100107815
0.07534661200043047
0.07357874099943729
0.05922536599973682
0.09417078699880221
0.09008763299971179
0.07802135499878204
0.10223806999965745
0.07171728499997698
0.057843681001031655
0.07313646299917309
0.08515974600049958
0.07380533600007766
0.0758393359992624
0.07302250099928642
0.07321010799932992
0.07496643600097741
0.055336736999379355
0.07890785400013556
0.07329899599972123
0.07463421900138201
0.08072650700160011
0.07294913700025063
0.07279162499980885
0.05730582999967737
0.07261775099868828
0.07455422199927852
0.07716965200052073
0.07302580000032322
0.0916216709993023
0.07388055299998086
0.07351770000059332
0.06124224800078082
0.07571185099914146
0.07364983099978417
0.07328575300016382
0.0731680699991557
0.07496552799966594
0.07454569900073693
0.07376816099895223
0.06940841200048453
0.09281440599988855
0.07506393699986802
0.07299895100004505
0.0838295770008699
0.07489289099976304
0.08106178900015948
0.07301952600028017
0.06998307100002421
0.07271739499992691
0.07462654399932944
0.07527437899989309
0.07682425799976045
0.07291785300003539
0.07597169399923587
0.07321852800123452
0.056084767000356806
0.07537179500104685
0.07367662400065456
0.07295924400023068
0.073685340999873
0.07444433599994227
0.06468811700142396
0.10175700600120763
0.07297706400095194
0.07463508000000729
0.07420602199999848
0.0755705459996534
0.07438661999913165
0.06892399100070179
0.07458671200038225
0.07843194399902131
0.07383978100006061
0.07352209500095341
0.07562722500006203
0.07471708699995361
0.06068381600016437
0.07383384400054638
0.07258872999955202
0.0932492590000038
0.0743242119988281
0.07364413399955083
0.06669290300123976
0.07503677800013975
0.08296548999896913
0.08032825700138346
0.07281089599928237
0.07630154099933861
0.07450231100119709
0.05095288700067613
0.06166494300123304
0.07371199699991848
0.0729614979991311
0.07436605700058863
0.0735195270008262
0.07583506900118664
0.08363807599926076
0.06703906300026574
0.07322584100074891
0.07483846499962965
0.07753516800039506
0.08117478900021524
0.07310454300022684
0.07315449299858301
0.0738125960015168
0.06202086200028134
0.0875617029996647
0.07589341499988222
0.07326390799971705
0.07842442800028948
0.07445018100042944
0.07460311599970737
0.06532934500137344
0.07409751700106426
0.0732592830008798
0.07335696399968583
0.07448648000172398
0.07419203399877006
0.0739505059991643
0.07415601199863886
0.059126156998900115
0.07343755599868018
0.07783618000030401
0.07920476800063625
0.07492416800050705
0.07300596700042661
0.0742951530010032
0.07109171000047354
0.057652790999782155
0.07367977899957623
0.07747821500015561
0.08895272800145904
0.07885596999949485
0.07455148000008194
0.051189936999435304
0.08130650000020978
0.07369696199930331
0.07380586100043729
0.07260467200103449
0.10583764399962092
0.07441551900046761
0.07286731400017743
0.06559944800028461
0.07342817899916554
0.09593034800127498
0.07283686899972963
0.07449385400104802
0.07412870400003158
0.07272106299933512
0.07770923399948515
0.06213665100040089
0.0561172819998319
0.07500836699909996
0.074307767999926
0.07356715300011274
0.07458804700036126
0.07535143000131939
0.07297879299949273
0.06727358300122432
0.08975291699971422
0.08022981300018728
0.07408167200082971
0.07481222100068408
0.0733364799998526
0.0733799640001962
0.07338620699920284
0.054126393000842654
0.07366501099932066
0.07406687500042608
0.07455426100023033
0.07376584200028447
0.073352982999495
0.0940064300011727
0.07440392799981055
0.06268262599951413
0.05854528700001538
0.07387682300031884
0.07450227099980111
0.07316511099998024
0.07390455200038559
0.07516596899949946
0.0741598079985124
0.07774724299997615
0.05728490399997099
0.07539917699978105
0.07456156599982933
0.07327719400018395
0.07269784399977652
0.07317377899926214
0.07750316099918564
0.07034863700027927
0.08161699300035252
0.0735981769994396
0.10090716899867402
0.07316404399898602
0.06696795199968619
0.07449885399910272
0.0732375920015329
0.07376876799935417
0.07438600599925849
0.0739151399993716
0.07525771399923542
0.06927553300010914
0.05797613600043405
0.07911371499903908
0.09281404300054419
0.07396836299994902
0.0735326489993895
0.08391743600077461
0.07462612400013313
0.048043733000668
0.07334996600002341
0.07308237699908204
0.07303530099852651
0.07463414000085322
0.07341282099878299
0.10294113700001617
0.07794036299856089
0.053666316000089864
0.07493588000033924
0.07711678200030292
0.07291397700100788
0.07301710600040678
0.07885375300065789
0.0828807300003973
0.07063228399965737
0.05874876599955314
0.1020976919990062
0.07349605099989276
0.07520492600087891
0.07394924499931221
0.07291774499935855
0.07294703099978506
0.07440158999997948
0.05587386200022593
0.07312404500044067
0.09633113400013826
0.07380832199851284
0.07676463999996486
0.0750252449997788
0.07381580100081919
0.06377613000040583
0.07447444900026312
0.07436258499910764
0.07415863599999284
0.07395481599996856
0.07258330900003784
0.07436140200115915
0.0611269920009363
0.10676972900000692
0.07928958299999067
0.07904993900046975
0.07400915099970007
0.051015704000747064
0.07962565699926927
0.07572534600149083
0.07746769900040817
0.07272261999969487
0.07305225299933227
0.07272267500047747
0.09024665799915965
0.06978490599976794
0.0733043380005256
0.07501315499939665
0.07353447599962237
0.07373278199884226
0.07300107199989725
0.07443905599939171
0.0729855959998531
0.07055724299971189
0.08820026799912739
0.07337397399896872
0.07491228400067484
0.07379256400054146
0.07942572799947811
0.0733781020007882
0.0561478449999413
0.058368808999148314
0.07605329100078961
0.07325708300049882
0.07299816299928352
0.07502042099986284
0.0998281419997511
0.053608787999110064
0.07722545800061198
0.07420546899993496
0.07483468200007337
0.07433598299940058
0.0732119229996897
0.0729934900009539
0.07447018300081254
0.07351373699930264
0.07185706400014169
0.10170720499991148
0.0741553269999713
0.07414286799939873
0.07419768499858037
0.07493142499879468
0.055762590000085765
0.07353243500074313
0.07254913100041449
0.07663453300119727
0.07496697900023719
0.07291705700117745
0.07306782600062434
0.07724781200158759
0.06394684500082803
0.07469056499940052
0.0743756760002725
0.07367418099966017
0.07304268300140393
0.0766373950009438
0.07452428100077668
0.06132699200134084
0.07300030499936838
0.07571552300032636
0.07313074300145672
0.09568002600099135
0.07369648399981088
0.0836941849993309
0.07508898400010366
0.07069889999911538
0.07339259999935166
0.07333095200010575
0.07401477299936232
0.07504569699995045
0.07467943200026639
0.07363249399895722
0.07414205699933518
0.06888928099942859
0.07468934600001376
0.07357738599966979
0.07347511799889617
0.07492364999961865
0.07695782700102427
0.07571105499846453
0.05530111699954432
0.07304655399821058
0.07418149300065124
0.08512044499912008
0.07331620100012515
0.07407459800015204
0.07324777599933441
0.06879764100085595
0.07917678600097133
0.07347441199999594
0.07439404400065541
0.07460561500010954
0.07639704199937114
0.07259197299936204
0.0753776959991228
0.07358244900024147
0.07430212100007338
0.07441914400078531
0.07332472400048573
0.07319557299888402
0.07275300999936007
0.07541853599832393
0.06482481900093262
0.07563484199999948
0.07796663500084833
0.10474620500099263
0.07302949599943531
0.07700830199974007
0.05981378000069526
0.08166154900027323
0.08605512800022552
0.07600756700048805
0.07856795400039118
0.09667612699922756
0.049984741999651305
0.07444546800070384
0.08970649700131617
0.07244927899955655
0.07388132399864844
0.07500763600000937
0.07533373499973095
0.07315962699976808
0.057730000000447035
0.07279494000067643
0.07319761200051289
0.07495357699917804
0.07290950199967483
0.10094670900070923
0.07374411599994346
0.05468103400016844
0.05387249500017788
0.07932849699864164
0.076027740000427
0.07346642199991038
0.0730739309983619
0.07953470300162735
0.07369991300038237
0.04079604499929701
0.10205257900088327
0.08062659700044605
0.07424809999974968
0.07249240099918097
0.07436503200005973
0.07375586299895076
0.07336745700013125
0.0404858410001907
0.06664743300098053
0.07320890399932978
0.07279471199944965
0.10168785499990918
0.07463476500015531
0.07407037300072261
0.07658802300102252
0.07243887399999949
0.048620265999488765
0.08257086199955666
0.07421918799991545
0.07468762699863873
0.07342093900115287
0.0730847070008167
0.07249555599992163
0.08439243499924487
0.05790374900061579
0.07696243499958655
0.07274554200012062
0.08038010600103007
0.07346316199982539
0.07382807299836713
0.07439449000048626
0.0754282569996576
0.07373789200028114
0.10228025899959903
0.07512110400057281
0.07350112399944919
0.07353050600067945
0.07849192100002256
0.07413650799935567
0.05030807600087428
0.07547887999862724
0.07783583800119231
0.07254715199997008
0.07472620699991239
0.09871112600012566
0.07412272100009432
0.05609294100031548
0.07410888300000806
0.07302211300157069
0.07899404099953244
0.07350377699913224
0.07893251900168252
0.0728883110004972
0.07484547999956703
0.05745631599893386
0.101177821001329
0.07403130099919508
0.07482458000049519
0.0741820999992342
0.07539318800081674
0.0885686239998904
0.05414322300021013
0.07388764500137768
0.0734149019990582
0.0729455839991715
0.07266479700047057
0.07509940399904735
0.10105105000002368
0.06744494099984877
0.05701143099940964
0.07277407699984906
0.07606412600034673
0.0740739670000039
0.07545559699974547
0.08087901299950317
0.07295716500084382
0.05954983999981778
0.07388779400025669
0.08681846500076063
0.11312413099949481
0.07328581900037534
0.07275791900065087
0.07435085799988883
0.05278198000087286
0.07378478600003291
0.07490462999885494
0.07498601999941457
0.08218512500025099
0.06587944799866818
0.07297689100050775
0.07414692800011835
0.0744216850016528
0.07392742400043062
0.073540082999898
0.0726923070014891
0.06572490899998229
0.07529704900116485
0.07413793299929239
0.08221272999981011
0.08527462799975183
0.08263436800007185
0.07452629400177102
0.06097451200002979
0.07535779799945885
0.0730710360003286
0.0754295610004192
0.07343048899929272
0.07320222399903287
0.07263736399909249
0.06815347300107533
0.07390200000008917
0.07694740199985972
0.08033090999924752
0.0756724889997713
0.0729751339986251
0.07302332799918076
0.07428354299918283
0.05837371199959307
0.07601747099943168
0.07282822199886141
0.07615584599989234
0.07394612399912148
0.08870136299992737
0.10311104500033252
0.0716166490001342
0.07363736600018456
0.0737596510007279
0.07320741300100053
0.07585780800036446
0.07369279399972584
0.07254197700058285
0.06621314199946937
0.07388495499981218
0.09908196199830854
0.07326873599959072
0.07594242900086101
0.07409782500144502
0.05784784299976309
0.07488270199974068
0.07357989599950088
0.07264586299970688
0.07533098499879998
0.0745358309995936
0.04762880599992059
0.07454125600088446
0.07516103799935081
0.07357528099964838
0.07305662799990387
0.07336286299869244
0.07400993699957326
0.07349400399834849
0.05000626899891358
0.07467178600018087
0.07733186400037084
0.07481767999888689
0.0913153350011271
0.07878802300001553
0.07371397300084936
0.0738522979991103
0.061206528000184335
0.0749763530002383
0.07273769599851221
0.0763031080005021
0.07249248399966746
0.07558926600177074
0.07283315799941192
0.0698595750000095
0.0897165499991388
0.07280781699955696
0.08268975300052261
0.07569846200021857
0.07330142699902353
0.07288865400005307
0.07318809699972917
0.06397954400017625
0.07328167699961341
0.07796427900029812
0.09742935699978261
0.07512017599947285
0.07353968300049019
0.07277179300035641
0.07260325199968065
0.056264615999680245
0.0736476660003973
0.07321111999954155
0.07436419800069416
0.07458989499900781
0.08647141800065583
0.07346740399952978
0.07114941600048041
0.07500343200081261
0.07367242299915233
0.07372700499945495
0.0730574829995021
0.07343406100153516
0.07801656999981788
0.07344127199939976
0.0669010879992129
0.05587313700016239
0.07592665199990734
0.10553655700277886
0.07477166300304816
0.07246659099837416
0.07479526899987832
0.0764135460012767
0.06176825600050506
0.07255475500278408
0.07315373700112104
0.08491592700011097
0.07391235700197285
0.07335760800197022
0.0826159549978911
0.07805232199825696
0.059065904999442864
0.07470413499686401
0.0972982650018821
0.08258934900004533
0.07479928400061908
0.07465563900041161
0.07466010000280221
0.07510559499860392
0.040231463997770334
0.09357351099970401
0.07701256599830231
0.07622485599858919
0.08224346399947535
0.07365904800099088
0.07301573699805886
0.07294004700088408
0.07508040700122365
0.05839167500016629
0.07328593000056571
0.07326212399857468
0.07253551300163963
0.07361086099990644
0.07375483500072733
0.07506691900198348
0.06563646900031017
0.06956514799821889
0.07428749999962747
0.07305074100077036
0.07321674799823086
0.07453124099993147
0.07438817400179687
0.09089055499862297
0.06332401100007701
0.07301520600231015
0.0753897450013028
0.07378378200155566
0.07354854499862995
0.07530466800017166
0.07855919899884611
0.07347274299900164
0.0702865279999969
0.0801107020015479
0.10427400000116904
0.07282542800021474
0.07271661299819243
0.07429254800081253
0.07583922800040455
0.07340093899983913
0.059891779001191026
0.07287361999988207
0.07289246900108992
0.07335748300101841
0.0963996419995965
0.07319027299672598
0.08496361099969363
0.08703365300243604
0.07465409600263229
0.07361126999967382
0.07264865300021484
0.08013778900203761
0.07455484499951126
0.07818095200127573
0.06447857500097598
0.08444498800236033
0.10371151700019254
0.0876204800006235
0.07369995400222251
0.07353610299833235
0.07297980500152335
0.040204773998993915
0.07477817700055311
0.07468548800170538
0.07411598899852834
0.07381685300060781
0.07365510200179415
0.09418688699952327
0.05291312800181913
0.06258300199988298
0.07733968000320601
0.07301147500038496
0.07272696500149323
0.0733055439995951
0.0731088729990006
0.08608887900118134
0.05600264200256788
0.07306813899776898
0.0744592110022495
0.0739696050004568
0.0763296889999765
0.07286887499867589
0.07516118100102176
0.07445490400277777
0.052180672999384115
0.07485697000083746
0.07354393800051184
0.07331534500190173
0.0942266620004375
0.07599468400076148
0.07283225799983484
0.07267459699869505
0.06603675500082318
0.07877126499806764
0.07345367800007807
0.0736138510001183
0.0729936949974217
0.08789259200057131
0.07574476599984337
0.052261450997320935
0.0822966509986145
0.07631454800139181
0.07425027799763484
0.07257568599743536
0.07398507799734944
0.07462144300006912
0.06613814400043339
0.05250901099861949
0.07666986700132838
0.07658766899839975
0.07405899199875421
0.09010457199838129
0.07363342700045905
0.07405045600171434
0.05702352699881885
0.07330936699872836
0.07493744999737828
0.07403532600073959
