0.05360195599996587
0.04822500400041463
0.04795567500013931
0.048242708000088896
0.048100986999997986
0.04778471300005549
0.04784273099994607
0.04799032199980502
0.047820898000281886
0.04789936099996339
0.04775967700015826
0.04796541499990781
0.04795169299995905
0.04820467199988343
0.04807380300007935
0.04789763799999491
0.04801484000017808
0.04803541399996902
0.04789967499982595
0.047779844000160665
0.04785397199975705
0.047732622000239644
0.04795706300001257
0.04779773199970805
0.047855435000201396
0.04797411900017323
0.04795467399981135
0.051587257999926805
0.04814089399997101
0.04821644899993771
0.0480635250000887
0.047868916999959765
0.0482845599999564
0.048404964999917865
0.04830463400003282
0.04825796700015417
0.0482009500001368
0.04800597099983861
0.04796330399994986
0.0480475250001291
0.0481345420002981
0.052561987999979465
0.04822294899986446
0.048013025999807724
0.04816598699972019
0.04840916900002412
0.04811804300015865
0.04810295100014628
0.048092413999711425
0.04802035900002011
0.047907434000080684
0.04822120900007576
0.04786578699986421
0.04795963800006575
0.04798861900007978
0.053979136000180006
0.0481601170004069
0.048101710000082676
0.04912628900001437
0.04836485399982848
0.0479894330001116
0.04808350600023914
0.04812019100018006
0.048236911999993026
0.04834992899986901
