0.057419096000558056
0.053129965999687556
0.0512295839998842
0.05152519199964445
0.05082257100002607
0.05083638599990081
0.05506036699989636
0.05163537499993254
0.05150498800048808
0.05037383699982456
0.05098069900031987
0.050706664999779605
0.0516336170003342
0.050657646999752615
0.05202253700008441
0.054526373999578936
0.05847843300034583
0.05727294900043489
0.05175017000055959
0.05099193899968668
0.050798719999875175
0.0509732359996633
0.05120108499977505
0.05154663600023923
0.05112356700010423
0.050942791999659676
0.027173234999281703
0.02663922299961996
0.03478644999995595
0.050644333000491315
0.05253802999959589
0.051472303999617
0.051003902000047674
0.050757424000039464
0.051176639999539475
0.0507474430005459
0.05185409400019125
0.05123417699996935
0.06677300899991678
0.05062038899995969
0.051703226000427094
0.05147826599932159
0.05121447300007276
0.050782590999915556
0.05034355899988441
0.0504433539999809
0.0518692989999181
0.05149567399985244
0.07267276499987929
0.06305707599949528
0.05013782099922537
0.05017631999999139
0.05112291900059063
0.051772373999483534
0.050152580999565544
0.0507186280001406
0.05229888600024424
0.05182685500039952
0.05768825800078048
0.02737328700004582
0.03115392299969244
0.051830539000548015
0.05459892899943952
0.051087160999486514
0.05002493400024832
