0.0012676010010181926
0.1473179059994436
0.107034549000673
0.1187559579993831
0.09874642599970684
0.0632517359990743
0.1015249619995302
0.10063081999942369
0.09994484400158399
0.09968951100017875
0.09704569800123863
0.08931994200065674
0.10164760599946021
0.12856460200055153
0.10740882099889859
0.10002121099932992
0.10080679800012149
0.09933699499924842
0.09905949600033637
0.09699501000068267
0.10931272999914654
0.1255281419998937
0.10954750599921681
0.09213366000039969
0.09798485499959497
0.10289037300026393
0.09902279100060696
0.11122760400030529
0.08309037599974545
0.10322553399964818
0.1000806880001619
0.09873392100053024
0.09819120300016948
0.10384352900109661
0.11094397499982733
0.10872673300036695
0.09741417199984426
0.0800173250008811
0.07758978799938632
0.1041206179997971
0.12438601599933463
0.09808416499981831
0.09571975800099608
0.10101884499999869
0.12139191000096616
0.10321988500072621
0.10341377099939564
0.07112833700011834
0.09963937400061695
0.09753983399969002
0.10368574899985106
0.08498787499956961
0.09883499100033077
0.10240261100079806
0.11293415799991635
0.08717469200018968
0.09026646500024071
0.10489664700071444
0.09631800900024245
0.11248019699996803
0.08738968900070176
0.1010799150008097
0.09972151900001336
0.10292547499921056
0.09066338500088023
