0.09545103500022378
0.1942817119997926
0.19394816099975287
0.19136060300024837
0.19160124700010783
0.19206679699982487
0.18999291699947207
0.19355572200038296
0.19126378900000418
0.1916848390001178
0.19044409599973733
0.19223790599971835
0.19170032100009848
0.19084910899982788
0.08865784799945686
0.17349537500012957
0.19476074300018809
0.1902643210005408
0.18991749199994956
0.19054585400044743
0.19184724499973527
0.1910848839997925
0.18964160700033972
0.19036052399951586
0.19070626000029733
0.19346020500051964
0.1899144189992512
0.1903539869999804
0.1422206590004862
0.11919998199937254
0.19029843199950847
0.1914262130003408
0.18950949800000672
0.19129130800047278
0.1936380540000755
0.19022237799981667
0.1909201460002805
0.18999117699968338
0.19285088000015094
0.18951044299956266
0.19093112800055678
0.19005271199966955
0.19259362399952806
0.08240696800021396
0.18140671599940106
0.19002713999998377
0.1909173859994553
0.19060622399956628
0.19128938199992263
0.19058076100009202
0.190120379000291
0.1909439979999661
0.1913149189995238
0.1902848769996126
0.189747642999464
0.19134036300056323
0.21675197199965623
0.12174793000031059
0.18022106500029622
0.1903564499998538
0.19047111500003666
0.19540542000049754
0.18949981300011132
0.19142697300048894
0.19046530000014172
