0.8928029040016554
1.5034558589995868
0.06168373000036809
0.0627532530015742
0.07655861400053254
0.08615491700038547
0.06273501299983764
0.06280990099912742
0.0633497829985572
0.06231281400141597
0.06104873799995403
0.06148991800000658
0.061677526000494254
0.0613353279986768
0.07032110200088937
0.023030669000945636
0.023964415999216726
0.022460119998868322
0.06223816700003226
0.062209483001424815
0.06384142500064627
0.06235307399947487
0.06244716400033212
0.06318030299917154
0.06144084399966232
0.06243083200024557
0.06252529300036258
0.06298117599908437
0.06281062299967743
0.06264331099919218
0.06317921100162494
0.061232735999510624
0.06243322099908255
0.06320626600063406
0.06273066100038704
0.062351925000257324
0.06467467299989949
0.06701079100093921
0.062375777000852395
0.06219142699956137
0.06131960499988054
0.060141212999951676
0.06119775499973912
0.062151354000889114
0.06311778599956597
0.06137132699950598
0.04702517699843156
0.029471493000528426
0.029102462000082596
0.06152615800056083
0.061336327000390156
0.06195315200056939
0.061657082000238006
0.06191296800170676
0.061836025000957306
0.06115879199933261
0.061404326999763725
0.06319009999970149
0.062192019999201875
0.061792098998921574
0.06288936300006753
0.06269345799955772
0.06289352900057565
0.06105658899832633
0.06175509999957285
