0.05727783900056238
0.051591301999906136
0.0591111860003366
0.06444972600002075
0.05922346099941933
0.051591340000413766
0.05027441299989732
0.0508258689997092
0.05096142200000031
0.051146845999937796
0.05416630499985331
0.051204677999521664
0.05042592900008458
0.05135238000002573
0.05133826899964333
0.051307454999914626
0.05117027100004634
0.05075281399967935
0.05088560900003358
0.050944959999469575
0.051305027999660524
0.05181441099921358
0.05057227999986935
0.05105666100007511
0.06791527299992595
0.05301065500043478
0.026827722000234644
0.026821481000297354
0.047782427000129246
0.050931071000377415
0.051566636000643484
0.05113295699993614
0.05011750699941331
0.05052388999956747
0.05088247900039278
0.05970854800034431
0.06439363499976025
0.05098807000013039
0.05054092699992907
0.05104601299990463
0.051524913999855926
0.05164233899995452
0.051092050000079325
0.050519872000222676
0.05088816400075302
0.05111040200063144
0.06659895699976914
0.06983095099985803
0.05031187500026135
0.05094681100035814
0.05043252199993731
0.05152763700061769
0.051743244999670424
0.05040772500069579
0.05117023499951756
0.0508880159995897
0.052138721000119403
0.07115289799912716
0.026920145999611123
0.027159457999914594
0.032168113999432535
0.05106475400043564
0.05155050699977437
0.05115401300008671
0.05123364000064612
