0.07321800399995482
0.02352146899966101
0.02426570099987657
0.023900538999896526
0.028053411000200867
0.024318275000041467
0.024416013000063685
0.024027649000345264
0.02371804099993824
0.023930576000111614
0.028426665000097273
0.024123795999912545
0.024001555999802804
0.024078054999790766
0.024181794000014634
0.024743861999922956
0.02387342899965006
0.023922853000385658
0.02376013299999613
0.0241792759998134
0.024663287999828754
0.02672435399972528
0.023919723999824782
0.024201497999911226
0.023899927000002208
0.024045519000083004
0.02388976099973661
0.02430264399981752
0.027139607000208343
0.02402246399969954
0.024080332999801612
0.023884780000116734
0.023676820000218868
0.023978277999958664
0.023807169000065187
0.02377248499988127
0.024347236000267003
0.04023530699987532
0.03199337799969726
0.023888704999990296
0.023852151000028243
0.023887706000095932
0.024135109999861015
0.024150072999873373
0.027633083000182523
0.03106738900032724
0.024035796000134724
0.028448960999867268
0.024031667000144807
0.034724564000043756
0.025288003000241588
0.023988445000213687
0.023579820999657386
0.024371291999614186
0.02501267200022994
0.024336218999906123
0.025068913000268367
0.0244894209999984
0.025051708999853872
0.03808301999970354
0.024396347999754653
0.024368718000005174
0.030778504999943834
0.023991371000192885
0.02393566799992186
