0.0665025510002124
0.024245138999958726
0.029088874999615655
0.028020832000038354
0.02567949200010844
0.02455809799994313
0.025846601000012015
0.029017911999744683
0.024419193000085215
0.02861923199998273
0.033840314999906695
0.029076616000111244
0.029026856999735173
0.026779663000070286
0.024536117000025115
0.03269721800006664
0.02486711199981073
0.024498784000115847
0.0251745169998685
0.02886280299981081
0.024203583999678813
0.028221071000189113
0.024194602000079612
0.02485907500022222
0.024141046999829996
0.023986087000139378
0.023954845999924146
0.03308536099984849
0.02457835699988209
0.02444643300032112
0.024511727999652067
0.03082776000019294
0.02426930599995103
0.024679355999978725
0.024619968000024528
0.025792637999984436
0.028061943000011524
0.0293284079998557
0.02447204400004921
0.023917143000289798
0.025080887000058283
0.025592844000129844
0.02443982099975983
0.024637468000037188
0.024536413000078028
0.024828557000091678
0.025201515999924595
0.024816262000058487
0.024447396000141453
0.024593430999630073
0.024598375000095984
0.024183529000310955
0.02396899499990468
0.024902149999888934
0.024619709000035073
0.02486146399996869
0.024502525000116293
0.024740577999637026
0.023992235000150686
0.02432773000009547
0.03827781400013919
0.026699330000155896
0.024576616000103968
0.024254157999621384
0.024693707000096765
