0.03493480900033319
0.03317429800017635
0.03316737299974193
0.0331496320000042
0.03312968799991722
0.03313739099985469
0.03317963099971166
0.03314500299984502
0.033216298000297684
0.033099798999955965
0.033094151000113925
0.03314907599997241
0.033210741999937454
0.03323259399985545
0.033273184999870864
0.03316503899986856
0.033190372999797546
0.033206150000296475
0.03323018700029934
0.033097021999765275
0.033230371000172454
0.03311455799985197
0.03309705899982873
0.033149873000184016
0.033207205000053364
0.03312242799984233
0.033127428999705444
0.03322066900000209
0.03310863300021083
0.03308263299959435
0.033234168000035424
0.033277704999818525
0.03315357599967683
0.033119170000190934
0.03317535400037741
0.03312955799992778
0.03319818699992538
0.03324276100011048
0.03322457600006601
0.033091319000050134
0.03319090900004085
0.033223760000055336
0.03318364999995538
0.03312935499980085
0.033121596000000864
0.03308220700000675
0.033128170000054524
0.03318153899999743
0.033134151000012935
0.03319570499979818
0.03313933600020391
0.03321596500018131
0.03315592800026934
0.03314350199980254
0.03314909499977148
0.033119131999683304
0.03321072400012781
0.03322553899988634
0.03479479399993579
0.033237538000321365
0.033118707000085124
0.03310333699982948
0.03314813199995115
0.03321429800007536
0.03319164999993518
