0.036845796999841696
0.0344004200001109
0.03435456899978817
0.03421775600008914
0.034388290000151756
0.03438866100032101
0.034291476999896986
0.0343708840000545
0.03432066200002737
0.034366531999694416
0.03434797699992487
0.034381827999823145
0.03436049500032823
0.03443167900013577
0.034296755000013945
0.03431882900031269
0.03561157200010712
0.03439892000005784
0.034300828999676014
0.03422640400003729
0.03439167999977144
0.034307550999983505
0.034374901999854046
0.034400438999909966
0.03431273600017448
0.03432080999982645
0.034292310000182624
0.03433586600021954
0.0343313099997431
0.034382754000034765
0.03437445800000205
0.03437712499999179
0.03432964399962657
0.03430840300006821
0.034353864999957295
0.03428282899994883
0.03493059899983564
0.034406180000132736
0.03430945800027985
0.034333884000261605
0.034295050999844534
0.03438345799986564
0.03432736600007047
0.03433712400010336
0.03433614300001864
0.034352162000232056
0.03443478999997751
0.03435460599985163
0.03430410600003597
0.03435938399979932
0.03431962500008012
0.03433110600008149
0.03425805100005164
0.034289457999875594
0.03439892100004727
0.03489276600021185
0.03437606799980131
0.03438401299990801
0.03426594100028524
0.03441393900038747
0.03435403200001019
0.03435349499977747
0.034369030999641836
0.03439058699996167
0.034398828000121284
