0.2621351859997958
0.07320425499892735
0.0744202910009335
0.08565231299871812
0.07694358400112833
0.07421553400126868
0.05770083999959752
0.07492270799957623
0.07334728900059417
0.07324090099973546
0.07334521499979019
0.07513020499936829
0.07346419399982551
0.07382703899929766
0.07268713200028287
0.07207279000067501
0.07516296200083161
0.09414467200076615
0.0783312620005745
0.07303573599892843
0.07385694500044337
0.07913113699942187
0.05025145900071948
0.07356411599903367
0.07669706600063364
0.07434528900012083
0.08649716299987631
0.07896369499940192
0.07421604899900558
0.0739763679994212
0.058027572000355576
0.07396777599933557
0.07501081400005205
0.07322402799945849
0.07625310799994622
0.07485964800071088
0.0738088889993378
0.06571287299993855
0.07382812799914973
0.07390881199899013
0.07416093800020462
0.07531065900002432
0.08330313900114561
0.09116377000100329
0.07643280800039065
0.07298504900063563
0.07329641400065157
0.07464466900091793
0.06329142799950205
0.07390775500061864
0.0731314709992148
0.07310532299925399
0.07608616299876303
0.0805499800007965
0.07401925299927825
0.056597203998535406
0.07376923800075019
0.07622960499975306
0.07497970000076748
0.07573909399980039
0.07398877100058598
0.0745798530006141
0.06249356900116254
0.07597992299997713
0.07281375200000184
0.07428915399941616
0.0745527420003782
0.07288764000077208
0.0749606989993481
0.06318085399834672
0.07607399399967107
0.08850255000106699
0.07402078700033599
0.07451668700014125
0.0734768879992771
0.08177762200102734
0.06120003300020471
0.058756258000357775
0.07411500699890894
0.07436848399993323
0.07275469600062934
0.07468431200140913
0.0744873160001589
0.07462814499922388
0.07290204399942013
0.07185396800014132
0.07597580800029391
0.07535194900083297
0.07507422999879054
0.07291702499969688
0.07428918699952192
0.0765761870006827
0.061318344000028446
0.07304365100026189
0.09004622399879736
0.0976465060011833
0.07468630899893469
0.06154256300033012
0.07650046399976418
0.07428079700002854
0.07383771099921432
0.07380130500132509
0.07371956499991938
0.07528146600088803
0.07506722699872626
0.0992394590011827
0.08067778399890813
0.0732855340011156
0.07477943599951686
0.07367763900037971
0.06778275499891606
0.0734535119991051
0.07278932000008353
0.07481437900059973
0.07458662400131288
0.08220803500080365
0.07269246899886639
0.05759053299880179
0.0788743480006815
0.07348167700001795
0.07275237499925424
0.07273172699933639
0.07309005400020396
0.07464363999861234
0.08042772900080308
0.056989042001077905
0.07604824599911808
0.07470263700088253
0.07782325399966794
0.07247502700010955
0.0747545070007618
0.05807626400019217
0.0749902249990555
0.07359372900100425
0.07284176000030129
0.09319523899830529
0.07462228700023843
0.04960329200002889
0.07493835500099522
0.07384190900120302
0.07372659599968756
0.09072289000141609
0.0743655670012231
0.07425895800042781
0.07319538299998385
0.07354834100078733
0.05305149299965706
0.07329391699931875
0.07339658199998667
0.07530360700002348
0.07380744599868194
0.06554798999968625
0.05851042100039194
0.07343172900073114
0.07485481699950469
0.07651151200116146
0.0746763010010909
0.07385607399919536
0.07318060400029935
0.07290557099986472
0.043723924000005354
0.07398790399929567
0.07501888700062409
0.07380607400045847
0.07322478700007196
0.08306117999927665
0.07377542699941841
0.07567609699981404
0.05796128000110912
0.07524301200101036
0.07740236499921593
0.07423862099858525
0.07305549299962877
0.07269392399939534
0.07250052000017604
0.07465887300168106
0.0722526529989409
0.06399354899986065
0.07317415699981211
0.0727246450005623
0.07602381300057459
0.08110180200128525
0.07349631699980819
0.07146172099965042
0.07453152199923352
0.07307015699916519
0.07355707500028075
0.07440041299923905
0.07612758799950825
0.07421550700018997
0.05769213399980799
0.0790644449989486
0.07398627099973965
0.07310702600079821
0.07415969300018332
0.1000382250003895
0.0746130549996451
0.07397017699986463
0.052636532000178704
0.07467034999899624
0.07438026300042111
0.07252244200026325
0.07383379000020796
0.07423326500065741
0.0728398980008933
0.07308089499929338
0.06622226799845521
0.0742202460005501
0.0736703660004423
0.07386945600046602
0.07500060300117184
0.07498791800026083
0.07358427400140499
0.07300785799998266
0.04914310700041824
0.087982627999736
0.0726183270016918
0.07747065300100076
0.08637378200000967
0.07243395899968164
0.07419578200097021
0.06644039300044824
0.07313909500044247
0.07443435200002568
0.1038549900004
0.07325529599984293
0.07400315400082036
0.07262334400002146
0.06314289100009773
0.07376586200007296
0.08580391999930725
0.08257384399985312
0.07489443499980553
0.0663886510010343
0.06339870000010706
0.07470645700050227
0.07470834600098897
0.07789773700096703
0.07500020999941626
0.07688764100021217
0.0905565419998311
0.09215807199871051
0.0797026320014993
0.08170857899858675
0.07399429900033283
0.07403857700046501
0.07483476699962921
0.06640111200067622
0.07917349099989224
0.07469071399827953
0.07346449399847188
0.07453619700027048
0.07460860299943306
0.06951374500022212
0.057302134000565275
0.0743443669998669
0.07480158200087317
0.07522127799893497
0.0730309259997739
0.07528418400033843
0.0743128659996728
0.060885849999976926
0.073599433999334
0.07632653700056835
0.0753862380006467
0.07426083099926473
0.07313384799999767
0.07407838799917954
0.07115128900113632
0.07361595099973783
0.07825778100050229
0.07483344899992517
0.07331441899987112
0.07282085299993923
0.07456930499938608
0.06767167999896628
0.07383427999957348
0.07401286999993317
0.07414099699963117
0.07782984299956297
0.07539136500054155
0.06720689000030688
0.07317690099989704
0.07324753000102646
0.0728741099992476
0.07334806499966362
0.08298864400057937
0.07244643200101564
0.07432158500159858
0.07838896099929116
0.05955466600062209
0.06299847900118039
0.0730225879997306
0.07312842000101227
0.07471839299978456
0.07370164999883855
0.07254144699982135
0.07255407699994976
0.07401560799917206
0.0482023559998197
0.07522299499942164
0.07638840099934896
0.0734961159996601
0.07283409000046959
0.0737858150005195
0.07350931899964053
0.048123005999514135
0.07631056799982616
0.07452887600084068
0.07313437999982852
0.07264218399905076
0.07379648000096495
0.07325169300020207
0.06330836100096349
0.07428536100087513
0.07616395799959719
0.07384627499959606
0.07840395700077352
0.07630938100010098
0.08466029599912872
0.050376058999972884
0.07337941200057685
0.07343478099937784
0.07273214400083816
0.07433943199976056
0.07400462199984759
0.07350814900019031
0.07336485599989828
0.06442228400010208
0.07425932200021634
0.07613306799976272
0.07568755700049223
0.0747620169986476
0.07273256900043634
0.07269351399918378
0.07302571200125385
0.05719912799941085
0.07409906399880128
0.07530356200004462
0.07359851600085676
0.07989617000021099
0.07278862299972388
0.07480969999960507
0.07385666099980881
0.057887319000656134
0.07491192000088631
0.07324783700096305
0.07543909600099141
0.07309239499954856
0.07506934299999557
0.08257828999921912
0.059866581999813206
0.05287218000012217
0.040102674000081606
0.07439864899970416
0.07457473899921752
0.07288684199920681
0.07637693099968601
0.07408978400053456
0.07653565100008564
0.07253693999882671
0.07419139299963717
0.06002896599966334
0.07581118000052811
0.07360323600005358
0.07302400499975192
0.07510778500000015
0.07331857399913133
0.07342555400100537
0.07336323999879824
0.06563144500069029
0.05596503400010988
0.0730443930006004
0.07306281799901626
0.07548331499856431
0.07783810700129834
0.07270589799918525
0.07467091999933473
0.06940369499898225
0.0742898709995643
0.07348499600084324
0.0730849470000976
0.07927300799929071
0.07308253900009731
0.047749542000019574
0.07981557300081477
0.07781779200013261
0.0834355669994693
0.07350369900086662
0.07464656699994521
0.07300524300080724
0.06572223700095492
0.07362728800035256
0.07701554500090424
0.07307488999867928
0.07462493800085213
0.0736430279994238
0.07254424999882758
0.06468704999861075
0.07343497599867987
0.07435838600031275
0.07502848600051948
0.07363474900012079
0.07464425100079097
0.07763823599998432
0.049645507999230176
0.07699598799990781
0.07486232100018242
0.0894743879998714
0.07345295600134705
0.07340151099924697
0.07445717900009186
0.07311418300014338
0.04960676800146757
0.07329477200073597
0.07329875400137098
0.08488477900027647
0.08027144999869051
0.07389316900116683
0.07305301700034761
0.07544284600044193
0.06440460799967695
0.07458098999995855
0.07425806900027965
0.07844303499950911
0.07335100999989663
0.07433517899880826
0.07374052200066217
0.07288433299981989
0.06578569500015874
0.061664375998589094
0.07438588100012566
0.07350813700031722
0.07333780599947204
0.07327528800124128
0.08169814499888162
0.07337336099953973
0.07265396600087115
0.07250161599949934
0.0781971300002624
0.07437673200001882
0.07310501299980388
0.07430621500134293
0.07419017999927746
0.07439574999989418
0.07883495099849824
0.07249131900061911
0.06311596100022143
0.07310571600100957
0.07296312600010424
0.07512955200036231
0.07377303700013726
0.07466996600123821
0.07745932599937078
0.07484911100073077
0.05829424600051425
0.07499592299973301
0.0734485240009235
0.07370096399972681
0.07294055000056687
0.07391301600000588
0.07429348999903596
0.07326230400030909
0.04738002399972174
0.07480281500102137
0.07293599400145467
0.07647889600048074
0.09254756699920108
0.08204974500040407
0.07276560900027107
0.062086531999739236
0.07443476499975077
0.07284306899964577
0.07694240599994373
0.07348298400029307
0.07459189099972718
0.07301876999918022
0.07520960299916624
0.06961721600055171
0.07452694699895801
0.07275432899950829
0.07878126300056465
0.07461492600123165
0.07321713599958457
0.07842669499950716
0.0851764130002266
0.07471431399972062
0.0735343330015894
0.07270086599964998
0.07474677600112045
0.07440881799993804
0.07272888400075317
0.07238440900073329
0.0723509470008139
0.057719473999895854
0.07249301699994248
0.07286163999924611
0.07415324800058443
0.07457322200025374
0.0752055630000541
0.07405654600006528
0.07567242500044813
0.05870503100049973
0.07390810299875739
0.07428443000026164
0.07327117000022554
0.07441587200082722
0.07777903599890124
0.04012064600101439
0.07544981599858147
0.08984838499964098
0.07706056700044428
0.08363126899894269
0.07452275800096686
0.07763659400006873
0.06718331100091746
0.0779493280006136
0.07696552999914275
0.07376932600163855
0.07926550999945903
0.07304487500005052
0.07738976399923558
0.06849643500027014
0.055383548999088816
0.07989118300065456
0.07464645899926836
0.0728293219999614
0.07323579700096161
0.08496796600047674
0.07572934700147016
0.05851590099882742
0.07620476400006737
0.07717883999976038
0.07391089600059786
0.09714419999909296
0.07524291100162372
0.08061344599991571
0.07363454799997271
0.0737909719991876
0.07443766400137974
0.0867011749996891
0.06222507699931157
0.07296455899995635
0.07761690400002408
0.0744190899986279
0.07273148899912485
0.07231606999994256
0.08999500700156204
0.0480654319999303
0.07390193199898931
0.0734969569984969
0.07491674599987164
0.07450627300022461
0.07487904300069204
0.07867349600019224
0.061721288999251556
0.07361243600098533
0.0749338749992603
0.07389779999903112
0.07306653699924937
0.08288695999908668
0.07474628599993594
0.04717185399931623
0.07345510499908414
0.10455465999984881
0.07488694899984694
0.0766203269995458
0.08642062100079784
0.07256449000124121
0.06394822999936878
0.07358478599962837
0.07992884299892467
0.07318853299875627
0.07270170799893094
0.07579358099974343
0.07396414899994852
0.07287283600089722
0.058983185999750276
0.07456982400071865
0.07388785399962217
0.07345034299942199
0.07538064300024416
0.0750647039985779
0.07401514799857978
0.07318336599928443
0.06316350199995213
0.0743743450002512
0.07421588399847678
0.07297796099919651
0.07638819800013152
0.07842679299938027
0.07514597999943362
0.07297212800040143
0.05835850999937975
0.07342341599905922
0.07347293400016497
0.07328973300172947
0.08041972099999839
0.07862715900046169
0.07337482399998407
0.060678136000205996
0.07794681799896352
0.07448508199922799
0.0743187879998004
0.07381609299955016
0.07281068500014953
0.0740321640005277
0.0748733340005856
0.06752697999945667
0.07463906000157294
0.07780191199890396
0.07360504099960963
0.07478709399947547
0.07512795900038327
0.07317369600059465
0.06122799500008114
0.07507264400010172
0.0737759809999261
0.0736252249989775
0.08087693299967214
0.07517551300043124
0.07403092200001993
0.05667831400023715
0.07355617000030179
0.0744017659999372
0.07467496599929291
0.0743814889992791
0.07380192500022531
0.07382205400062958
0.0755344690005586
0.06273135699848353
0.07299173400133441
0.07291551299931598
0.07257420399946568
0.08162115900086064
0.07340470900089713
0.08034466199933377
0.07344106000164174
0.05657468499884999
0.07219050700041407
0.07320487899960426
0.07368038799904753
0.07352804000038304
0.07279040399953374
0.07232570800078975
0.07338615199842025
0.07557679999990796
0.07279981000101543
0.07459174199902918
0.07526402700023027
0.0751429920001101
0.07647813600124209
0.07498208600009093
0.06688487500105111
0.07480014499924437
0.07458050100103719
0.07329000499885296
0.0728334020004695
0.07365177600149764
0.07486377300119784
0.07132855599957111
0.05148455000016838
0.07282354900053178
0.07541526400018483
0.07356738800081075
0.07298562100004347
0.07247720200030017
0.07424381999953766
0.08522333200016874
0.07308478499908233
0.06321049300095183
0.07331322499885573
0.07544929899995623
0.07336800200027938
0.07374512400019739
0.07350451799902658
0.06376116899991757
0.07283547299994098
0.07351416500023333
0.07326539200039406
0.07725702599964279
0.07396774900007586
0.07271171600041271
0.07344636999914655
0.05136616200070421
0.07502565699905972
0.0742942619999667
0.0729504699993413
0.07670832999974664
0.07498278700040828
0.07384689899845398
0.05615222599953995
0.05739690799964592
0.07459483000093314
0.07295095100016624
0.0743015940006444
0.07306174499899498
0.07305932000053872
0.07468340199920931
0.07475288199930219
0.062105435999910696
0.07360271700054
0.0735859390006226
0.07275121200109425
0.07549918299991987
0.07321546400089574
0.06531232400084264
0.07423229800042463
0.07397394999861717
0.07289339500130154
0.0746255869999004
0.0746739370006253
0.07310513199990964
0.07431735199861578
0.07980068200049573
0.07472169599896006
0.07378180500018061
0.07345242100018368
0.07340247799947974
0.0751578729996254
0.06853685900023265
0.058543219000057434
0.0778125300003012
0.07804222899903834
0.07347580900022876
0.07354777099862986
0.07370626800002356
0.07417488999999478
0.07273465500111342
0.06818227199983085
0.052140385001621326
0.09799424999982875
0.074582825998732
0.07902663700042467
0.0744036430005508
0.07376474699958635
0.05857318000016676
0.062289040000905516
0.07446595700093894
0.0916483419987344
0.07295535299999756
0.07496113399975002
0.07373682199977338
0.07291148399963276
0.07249145400055568
0.04936089600050764
0.07418790500014438
0.07453762099976302
0.07275830099933955
0.07351641800050857
