0.0856389800001125
0.07575673399969673
0.07628322700020362
0.07568436400015344
0.07558132799977102
0.07569816000022911
0.07574191899993821
0.07571027099993444
0.08116635099986524
0.075702604000071
0.07578306699997484
0.07570821599983901
0.07580317700012529
0.07584675099997185
0.07566466099979152
0.07566210499999215
0.0757445680001183
0.0756283649998295
0.07664735200023642
0.0756994759999543
0.07582914100021299
0.07568758700017497
0.07585076899977139
0.07558301400013079
0.07565565999993851
0.07571519700013596
0.07572097499996744
0.07583699199994953
0.08054572899982304
0.07583902899978057
0.07583002899991698
0.07562773600011496
0.07598441699974501
0.07581675200026439
0.07581699200000003
0.07557251400021414
0.07563419799998883
0.07557481000003463
0.07559327299986762
0.07570677200010323
0.0756430689998524
0.07567062399994029
0.07569912400003886
0.07569927199983795
0.07562140200025169
0.07565606799971647
0.07564277199981007
0.0756445690003602
0.07554366200020013
0.07792574399991281
0.07585080599983485
0.07568119799998385
0.07599676800009547
0.07568719799974133
0.07578797499991197
0.07562945800009402
0.0782689620000383
0.07841088600025614
0.0755852170000253
0.07769167299966284
0.07587408499966841
0.07553797799982931
0.07595674899994265
0.07574116000023423
0.07564025400006358
