0.5346959920007066
0.5195481430000655
0.5263606429998617
0.5021206029996392
0.5069532219986286
0.49908153300020786
0.4643545999988419
0.5009620620003261
0.5346143619990471
0.5309584490005363
0.5265042500013806
0.5067944820002594
0.45077858099830337
0.4203825690001395
0.5078107080007612
0.5061234540007717
0.5099657150003623
0.5486536120006349
0.39579288699860626
0.5088360999998258
0.5101032120001037
0.5205219960007526
0.4898495079996792
0.5004592510013026
0.5056241989987029
0.4885890240002482
0.48477339099918026
0.5074224510008207
0.4908004010012519
0.49385061799875984
0.5246870480004873
0.4163997510004265
0.5284441639996658
0.4788573040004849
0.5300755669995851
0.5100955429988971
0.5188997559998825
0.4929254629987554
0.5156377269995573
0.5039318119997915
0.4922849340000539
0.4807365550004761
0.5254411839996465
0.42437249200156657
0.49998238300031517
0.512514359999841
0.5182215969998651
0.4429277559993352
0.48523825099982787
0.5386775379993196
0.45896155499940505
0.5276454119994014
0.5002649519992701
0.4689326030002121
0.5046236150010373
0.5291581490000681
0.470761336000578
0.5346380369992403
0.5044746530002158
0.42940338299922587
0.49815816600130347
0.5065854200001922
0.43567490900022676
0.5001104710008804
0.5323285669983306
