0.001286406999497558
0.5566046679996361
0.4415557299998909
0.4040041900007054
0.419430513999032
0.4309079329996166
0.4085341830013931
0.37702967900077056
0.40908743500040146
0.38782152000021597
0.4407188850000239
0.4120250269988901
0.42725818600047205
0.41585063800084754
0.3991549849997682
0.4389111810014583
0.3887178129989479
0.40251114100101404
0.43088101200009987
0.32993518599869276
0.4338991360000364
0.40884577599899785
0.41020075599954
0.43422330300018075
0.3764902489983797
0.3920175889998063
0.42924638300064544
0.3113295120001567
0.4391511809990334
0.40779574699990917
0.32029189899913035
0.43665222299932793
0.4005474530003994
0.36772559699966223
0.43435941000097955
0.4039195910008857
0.4154583839990664
0.4034016379991954
0.4098638960003882
0.36346720500114316
0.40385778400013805
0.4083108129998436
0.4141571139989537
0.40763064100065094
0.43176490899895725
0.40633931000047596
0.39609263300008024
0.43626075199972547
0.3928571659998852
0.42359505700005684
0.4018232739999803
0.41422136800065346
0.45728929699907894
0.36798098999861395
0.41237347300011606
0.3372270079998998
0.41551407699989795
0.38421293500141473
0.38775084799999604
0.4086022029987362
0.42280717799985723
0.41183395400003064
0.36720239900023444
0.43253757400088944
0.38199558800079103
