0.12711312900046323
0.12133324899969011
0.1202485229996455
0.12035309699967911
0.12021104299947183
0.12021469100000104
0.12019869100004144
0.12022133899972687
0.12093992100017203
0.12010256400026265
0.12019146900001942
0.12028019099943776
0.12032752300001448
0.12028980099967157
0.12024078299964458
0.12125473200012493
0.12025665400051366
0.1203176529998018
0.12327112999992096
0.12022596899987548
0.12033441200037487
0.12025856099990051
0.1216841529994781
0.1202813950003474
0.12035046800065174
0.12043389200061938
0.12030322699956741
0.12035850499978551
0.12022139599957882
0.1214497669998309
0.12035526399995433
0.12028106199977628
0.12026952399992297
0.12031020899939904
0.12036289399929956
0.12036606000037864
0.12029300599988346
0.12019609999970271
0.12034102400048141
0.12027454300005047
0.12040172700017138
0.12035741199997574
0.12034183899959316
0.120402209000531
0.12030417300047702
0.12006699100038531
0.12024213600034273
0.1208478880007533
0.12021061900031782
0.120324117000564
0.12026830400009203
0.12055565099944943
0.12035378300060984
0.12023787800080754
0.12033935799991013
0.12031558099988615
0.12023061899981258
0.12028274799922656
0.1201717310004824
0.12030545099969459
0.12039181999989523
0.12032885799999349
0.12037611699997797
0.12033878399961395
0.12035515499974281
