0.071793451999838
0.06936866800015196
0.06929642800014335
0.06942242600007376
0.06940205500040975
0.06934857499982172
0.07055641099987042
0.07056617099988216
0.06951877699975739
0.07075159499981964
0.06941562900010467
0.06942411199997878
0.06935464900016086
0.06935387199973775
0.06943455500004347
0.06935729699989679
0.06941087099994547
0.06930481700010205
0.06936518600014097
0.069441703999928
0.06943540699967343
0.07022932300014872
0.06934489000013855
0.0694387779999488
0.06937688999960301
0.06937533400014217
0.06941112999993493
0.06943898100007573
0.06941733399980876
0.06944625999994969
0.06939631599971108
0.0694076849999874
0.07068472599985398
0.06943636999994851
0.06939527800022915
0.06941661200016824
0.06937126000002536
0.06937457499998345
0.06933068599983017
0.06939461199999641
0.06935955600010857
0.06933248299992556
0.06939907399964795
0.06942970399995829
0.07106540499989933
0.0694644629998038
0.06943509299981088
0.06939261100023941
0.06946994400004769
0.06944205600029818
0.06944572200018229
0.06944100000009712
0.06946507400016344
0.06947472199999538
0.06944188900024528
0.0699170130001221
0.06976679299987154
0.06943890799993824
0.06943713000009666
0.06945638900015183
0.06945850000010978
0.06935377899981177
0.06947603600019647
0.06929700199998479
0.06934313099964129
