1.0597287950004102
0.665713662001508
0.9595259300003818
0.9622306540004502
0.7738212010008283
0.9629813840001589
0.9636110780011222
0.9637693160002527
0.8086112760011019
0.9570412320008472
0.9675640240002394
0.7852094409990968
0.9601581719998649
0.9656847859987465
0.9645909649989335
0.8821972660007305
0.9507843419996789
0.9438804279998294
0.7930313910001132
0.9643726480007899
0.9624249129992677
0.9433028399998875
0.9654859279999073
0.960478917000728
0.9119306039992807
0.7853565759996854
0.9567989970000781
0.9670258659989486
0.7837239830005274
0.962329795000187
0.9619616319996567
0.9623476260003372
0.7806104089995642
0.9546989440004836
0.9587582990006922
0.8430116340005043
0.9422747650005476
0.9734385359988664
1.0425838810006098
0.8333054949998768
0.9142891529991175
0.937574653999036
0.8106632800008811
0.9638028379995376
0.9638433370000712
0.9671477570009301
0.8040847120009857
0.9181661349994101
0.9517409870004485
0.8364906890001294
0.951156548999279
0.9643792499991832
0.9625414580004872
0.8196468619989901
0.9119359859996621
0.9579428289998759
0.865355002000797
0.9370467959997768
0.9648047570008202
1.022312545001114
0.793456616000185
0.9101184679984726
0.9424175200001628
0.7792640900006518
0.9637330069999734
