0.2164429240001482
0.25413975799892796
0.2795922139994218
0.25198823800019454
0.2466410779998114
0.25296493000132614
0.26669603799928154
0.2751875049998489
0.24598922599943762
0.18625506999887875
0.260011588999987
0.2421694219992787
0.23680414999944333
0.2509265660009987
0.20116601700101455
0.2780840449995594
0.22233169300125155
0.26481257700106653
0.2570897710011195
0.20902218900118896
0.24920254000062414
0.2575216139994154
0.2548758209995867
0.260573329998806
0.22457724000014423
0.2566956350001419
0.2516915649994189
0.2437834650008881
0.2721881899997243
0.22977915100091195
0.2595398470002692
0.2422095479996642
0.20148779600094713
0.25298984199980623
0.23588283699973545
0.25041904899990186
0.2594724729988229
0.21310294999966573
0.2483231549995253
0.24836882000090554
0.21266437999838672
0.28159138999944844
0.1983589409992419
0.24950443600027938
0.23431513799914683
0.2692767669996101
0.22186098000020138
0.2329770340002142
0.25083486500079744
0.24068850499861583
0.269068650999543
0.22337385199898563
0.2375982869998552
0.2567344389990467
0.2807719360007468
0.2519279580010334
0.20714259700071125
0.2466119279997656
0.26858501599963347
0.2303295439996873
0.27562191899960453
0.21811279500070668
0.24953765499958536
0.234341248000419
0.2548279439997714
