0.0012790760010830127
0.5092052059990237
0.3935840300000564
0.4354941860001418
0.40763093999885314
0.40951945099914155
0.4347065300007671
0.4034083089991327
0.4355869820010412
0.3703203149998444
0.4341127600000618
0.45959159399899363
0.38737257399952796
0.44467893799992453
0.4015399260006234
0.41146274099992297
0.36067427399939334
0.4086959800006298
0.40800558299997647
0.42831605799983663
0.4079759529995499
0.43472562299939455
0.4093808799989347
0.3721271429985791
0.43467645599957905
0.3728655409995554
0.40744697899936
0.4366502650009352
0.4019430870012002
0.4350243600001704
0.40543389300000854
0.35571563499979675
0.4455424080006196
0.40306512900133384
0.4336192120008491
0.33726921000015864
0.40899419900051726
0.3685301539990178
0.414790142000129
0.36320146399884834
0.23086067199983518
0.211550462001469
0.20445386900064477
0.2073021649994189
0.20666004299891938
0.22162014500099758
0.2093813039991801
0.20801310000024387
0.20444297999893024
0.20686059699983161
0.22187830800066877
0.20641669499855198
0.21190373500030546
0.2043625370006339
0.2087533310004801
0.223253140999077
0.2040713730002608
0.2053654869996535
0.20488754799953313
0.2036167869991914
0.22729621899998165
0.20444694300022093
0.20547479999913776
0.20201449299929664
0.20461990299918398
