0.6359663670009468
0.5890326460012147
0.6099622239999007
0.6460808829997404
0.601986012999987
0.6227929090000544
0.6123475450003752
0.5424180690006324
0.6344665529995837
0.6028111879986682
0.6404726229993685
0.5927725969995663
0.6225923740003054
0.6033160150000185
0.6098125970002002
0.6057670019999932
0.5614784129993495
0.552118554000117
0.6113744279991806
0.6404628450000018
0.5732190380003885
0.5932388870005525
0.6032412200002
0.588227915999596
0.6247657160001836
0.6085952979992726
0.6124499879988434
0.616644396999618
0.5850524200013751
0.5809969910005748
0.5773062619991833
0.6308023410001624
0.5982422109991603
0.6267648940010986
0.6131908679999469
0.6406155839995336
0.6015362969992566
0.6120685670011881
0.632012695999947
0.6287398870008474
0.6049470489997475
0.6096221739990142
0.6288084790012363
0.6319210860001476
0.6097561530004896
0.570580683001026
0.6110500439990574
0.5566678459999821
0.6102380360007373
0.5403245779998542
0.58760944200003
0.6130324619989551
0.6421256560006441
0.6152159330013092
0.6022538430006534
0.6127716510000027
0.5295781629993144
0.5906277909998607
0.6098614109996561
0.5486179689996789
0.6043795379991934
0.585144788999969
0.5751815299990994
0.6044091860003391
0.5569666570008849
