0.001464584000132163
0.38301237899941043
0.24177869400045893
0.24486459999934596
0.24660632999984955
0.2631583110014617
0.2560826890003227
0.2472299490000296
0.2481625910004368
0.25829609500033257
0.24626285700105655
0.2454999729998235
0.23017564400106494
0.24597422300030303
0.2699637369987613
0.2425940030007041
0.24881088900110626
0.23933701900023152
0.2809375100005127
0.23667509100050665
0.2459443640000245
0.24544445399988035
0.2518160990002798
0.25214794800012896
0.2375451530006103
0.24358533099984925
0.26834820799922454
0.24327907400038384
0.24613709199911682
0.23427071799960686
0.24351877000117383
0.2703141879992472
0.23488895499940554
0.2538921579998714
0.24476549599967257
0.27302073700047913
0.244645662000039
0.24538633799966192
0.24729149199993117
0.2686167589999968
0.24760369300020102
0.23356394700022065
0.24518773999989207
0.2802126959995803
0.23623509400022158
0.24511918000098376
0.2527515180008777
0.25274614699992526
0.2557139600012306
0.24591290900025342
0.23837449500024377
0.24710152999978163
0.25551217700012785
0.2462843260000227
0.24772877900068124
0.2422624460014049
0.26532260599924484
0.25269022199972824
0.19557254699975601
0.26881374399999913
0.2658071509995352
0.21150593500169634
0.25000199299938686
0.26570805399933306
0.24490660000083153
