0.1287345490000007
0.11714108199976181
0.11600167000005968
0.11675830900003348
0.11620787199990446
0.12060939100001633
0.11589630200023748
0.11655873799963956
0.11605785499978083
0.11646283099980792
0.11644844300008117
0.11611150299995643
0.12005204599972785
0.11618415000020832
0.1161993910000092
0.11608829899978446
0.11624838999978238
0.11633098099991912
0.1163447039998573
0.11785094400011076
0.1164623310000934
0.1164576650003255
0.1157228409997515
0.11619807599981868
0.11616368799968768
0.1163044820000323
0.11911840999982815
0.11692399300000034
0.1162167419997786
0.11625976000004812
0.11604883600011817
0.1163080380001702
0.11651235000044835
0.1167667539998547
0.11967321800011632
0.11625577899985728
0.11603439300006357
0.12142188200004966
0.11631148100013888
0.11654051499999696
0.11627474099987012
0.11957403399992472
0.11621324199995797
0.11619870599997739
0.11592467199989187
0.11594583800024338
0.11650236799960112
0.11607868800001597
0.1163623889997325
0.12137349300019196
0.11635513000010178
0.11640751699997054
0.11598737500025891
0.11630466700034958
0.11608726199983721
0.11612316999980976
0.12026093199983734
0.11638073999984044
0.11602470700017875
0.1161938730001566
0.11635240699979477
0.11609855900042021
0.11613914999998087
0.11909683600015342
0.11592406099998698
