0.18304743400040024
0.1631723279997459
0.1597630549999849
0.1592563950002841
0.1594236330001877
0.1591032119999909
0.16318829000010737
0.15952024400030496
0.15929967300007775
0.15957118699998318
0.15911626700017223
0.15931498700001612
0.1611357230003705
0.15937311600009707
0.1591388779997942
0.15913530499983608
0.1592509689999133
0.15925843200011514
0.16358680399980585
0.15940846700050315
0.15917084100055945
0.159340412000347
0.15899980500034872
0.1624659659992176
0.15911434100053157
0.15936107899960916
0.15912806300002558
0.15922634000071412
0.15915752599994448
0.16283729600036168
0.15924813600031484
0.15920572899995022
0.1593435610002416
0.15925750700080243
0.16317562499989435
0.15904706499986787
0.15932530200007022
0.15918780299944046
0.1593241170003239
0.159061563999785
0.16288446199996542
0.15928798799996002
0.15932019100000616
0.15937654199933604
0.1595882609999535
0.16115033500045683
0.15914984200026083
0.1596242239993444
0.15928778399938892
0.15926819200012687
0.159351338000306
0.16080496900030994
0.15931283900044946
0.15931144999922253
0.15931530200032284
0.15905308299988974
0.15949626299970987
0.1626349099997242
0.1592813400002342
0.15901271399980033
0.1590670269997645
0.15942909699970187
0.1633799370001725
0.15932043099928705
0.1592447289995107
