1.339154633000362
1.3411023120006575
1.1626967559986952
1.3099571380007546
1.1393172049993154
1.3119765740011644
1.2876700350007013
1.2339249859996926
1.3113735630013252
1.130087674000606
1.338786173000699
1.307581555998695
1.148563695998746
1.3890787830005138
1.1356129539999529
1.3094105870004569
1.282006495001042
1.2472047389983345
1.3241565810003522
1.1389477990014711
1.3098782830002165
1.3076090720005595
1.248076152000067
1.3440196760002436
1.1460885199994664
1.4028483999991295
1.1291955710003094
1.3158830930005934
1.3357678739994299
1.2882433369995852
1.3106703260000359
1.1355663949998416
1.3140951149998727
1.3559434460003104
1.1652807339996798
1.3137910069999634
1.1763987199992698
1.319839816998865
1.3513884300009522
1.1705029069999
1.3163885829999344
1.1413922820011067
1.311548423000204
1.3179891550007596
1.1421708080015378
1.3570944470011455
1.2915360320002947
1.2338932370003022
1.3052928729994164
1.1317800520009769
1.3307863589998306
1.2837136130001454
1.299782646001404
1.3129334400000516
1.129665782000302
1.3554275409987895
1.300433914999303
1.2045999279998796
1.308088334999411
1.1330102009997063
1.3516398290012148
1.3609968199998548
1.1609858779993374
1.3072776040007739
1.1964897150010074
