0.8080503370001679
0.6593869080006698
0.7788279310007056
0.7702928109993081
0.746083179001289
0.7477029170004243
0.7601773189999221
0.7874290959989594
0.7465599259994633
0.7129843719994824
0.6566295020002144
0.7316482339992945
0.7589121400014847
0.7527903240006708
0.7462934569994104
0.7513235980004538
0.7885055129991088
0.7748289560004196
0.7814467249991139
0.7640858060003666
0.784469870999601
0.7764175969987264
0.7300879949998489
0.7896416160001536
0.6660128319999785
0.6360408090004057
0.7834847060003085
0.7723628959993221
0.7286525420004182
0.7681975000014063
0.7726024439998582
0.766973734000203
0.5746378679996269
0.6341118220007047
0.7602951830012898
0.7445605220000289
0.7666238059991883
0.7090560830001778
0.6885363530000177
0.7635631539997121
0.6250655180010654
0.7259294270006649
0.7777192730009119
0.7923325359988667
0.7296256929985248
0.7839837459996488
0.8084583330000896
0.780944318001275
0.7235058919995936
0.8032191330003116
0.7585936619998392
0.6712831409986393
0.7928432389999216
0.7591545579998638
0.7675166029985121
0.7557294859998365
0.7648216699999466
0.7775548999998136
0.6823246450003353
0.7276879380005994
0.7343894089990499
0.6665499639984773
0.8071366029998899
0.641047350000008
0.7399895750004362
