0.0012568000001920154
0.6171803800007183
0.3915586000002804
0.5206311750007444
0.5113260990001436
0.5127290439995704
0.5189330249995692
0.5295775270005834
0.520816203999857
0.45583468099903257
0.5096197809998557
0.540141137998944
0.4019522649996361
0.5179421409993665
0.4663365510004951
0.520346053999674
0.5459913030008465
0.499190731001363
0.5490380799983541
0.5060689619986078
0.5411946709991753
0.542690133999713
0.5175192099995911
0.4599358610012132
0.5323173099986889
0.5133390549999604
0.5156020260001242
0.5127364489999309
0.4608758440008387
0.4907536539994908
0.5499370739998994
0.4197272969995538
0.5150642490007158
0.4962466030010546
0.5066631989993766
0.5640142720003496
0.5356658689997857
0.5011801139989984
0.5253571009998268
0.5341904950000753
0.3782432490006613
0.5357151419993897
0.5293488269999216
0.47011962900069193
0.5161352609993628
0.5211467009994522
0.4717048469992733
0.5385923050016572
0.5032806519993756
0.5236495930003002
0.5143936650001706
0.4809551400012424
0.5123534469985316
0.5306723569992755
0.5137150959999417
0.5321313370004646
0.5089608550006233
0.5457173380000313
0.42739174000053026
0.5312884179984394
0.4363948150003125
0.5110491769992223
0.5301363170001423
0.5150803859996813
0.4998989929990785
