0.06716346399980466
0.061540877999959775
0.061534840000149416
0.061642561000098794
0.061588061999827914
0.06164759800003594
0.061559302999739884
0.061596228999860614
0.061671356999795535
0.061527323000063916
0.06163813500006654
0.06153032299971528
0.06156089600017367
0.06164171000000351
0.061662801999773365
0.06158533999996507
0.06162672900018151
0.061670783999943524
0.061686357999860775
0.06159356199987087
0.061601524999787216
0.061625784000170825
0.06167670900003941
0.06163089499978014
0.061645525000130874
0.06256475200007117
0.061627654999938386
0.06168004200026189
0.061596931999702065
0.06157967399985864
0.06161165399998936
0.06160022900030526
0.06163463699977001
0.061637303000225074
0.061640431999876455
0.061541970999769546
0.06161758000007467
0.06155641499981357
0.06241438500001095
0.06155176699985532
0.061591673999828345
0.06161828499989497
0.06160276699984024
0.06167583900014506
0.061592470000050525
0.06160737700020036
0.06163563600011912
0.061710135000339505
0.061571859999730805
0.061590526000145474
0.061622061999969446
0.06259473399995841
0.06159856300018873
0.061617229000148654
0.061571748000005755
0.061555655999654846
0.06162735899988547
0.06165213600024799
0.061543805000383145
0.061692136000147
0.06163893299981282
0.06160698899975614
0.06157815599999594
0.061648080999930244
0.062044002000220644
