0.07072775599999659
0.06338497900014772
0.06359001300006639
0.06374641800039171
0.06374421400005303
0.06363962299974446
0.06373330700034785
0.06384613899990654
0.06391378600028474
0.06350682900028914
0.06789952200006155
0.06371171500040873
0.06363564200000837
0.06352080999977261
0.06366956700003357
0.06346392200021
0.06339209000043411
0.06349494000005507
0.06363064199967994
0.06359549499984496
0.0635131439998986
0.06354995799983953
0.06530317199985802
0.06367495699987558
0.06356236600004195
0.06348249600023337
0.0634484600000178
0.06355419900000925
0.0634477200001129
0.0635520880000513
0.06352357099967776
0.06374010399986219
0.063511680999909
0.06568961199991463
0.06374862299981032
0.06365477199960878
0.06364028999996663
0.06338485000014771
0.06359886599966558
0.06345357100008187
0.0635217549997833
0.06348257099989496
0.063374850999935
0.06325459300023795
0.06325948199992126
0.06572746299980281
0.06336798100028318
0.06307020700023713
0.0628500630000417
0.0630021530000704
0.06287926599998173
0.06299176399988937
0.06278361899967422
0.0629298399999243
0.06297145000007731
0.0629042649998155
0.06287263600006554
0.06606940299980124
0.06302259799986132
0.06302404200005185
0.06285180400027457
0.06317633599974215
0.06290596899998491
0.06281873000034466
0.06300285700035602
