0.1115391489997819
0.05383248799989815
0.05084050699997533
0.048241391999908956
0.0531641069997022
0.04767980599990551
0.04776367600015874
0.04792178499974398
0.048061190999760584
0.04772871299974213
0.05618490300003032
0.047890915000152745
0.04809270900022966
0.04925306399991314
0.047874193000097875
0.05522228499967241
0.047635029000048235
0.0486671829999068
0.05078954500004329
0.05164749699997628
0.04801743099960731
0.048448129999997036
0.04779117599991878
0.04747054900008152
0.04759765900007551
0.04741605099980006
0.04782915600026172
0.0478612670003713
0.047759380000115925
0.05589196200025981
0.04838614900018001
0.05129098299994439
0.047597066999969684
0.048500591999982134
0.048061117000088416
0.056397122999896965
0.04821218899996893
0.047391309999966325
0.0477136210001845
0.04755186300008063
0.048002042999996775
0.04769867699997121
0.0478873960000783
0.060878380999838555
0.04794174700009535
0.05198904799999582
0.047873711000193
0.05090608099999372
0.048009395000008226
0.04798374700021668
0.047532901000067795
0.04762849200005803
0.04769600999998147
0.047882859999845095
0.047735027999806334
0.04787463699994987
0.04824246599991966
0.05155742399983865
0.05695244799971988
0.05476371799977642
0.048266021000017645
0.04815552199988815
0.047512715999801
0.04765236299999742
0.04753130800008876
