0.08313630500015279
0.01974142800008849
0.01678246700021191
0.01697900099998151
0.019326989000092
0.01929374800010919
0.01689550099990811
0.017043295999883412
0.017237089999980526
0.016633524000098987
0.019373247000203264
0.017553567000049952
0.01676139199980753
0.017071629000383837
0.016724893000173324
0.016623912999875756
0.016734800999984145
0.016766485000061948
0.01709409200020673
0.017024758999923506
0.01688161299989588
0.01688796500002354
0.01697174199989604
0.02010657099981472
0.020653416000186553
0.021864585999992414
0.017244682999717043
0.016783187999863003
0.01763201099993239
0.01832613099986702
0.01682450299995253
0.0172929599998497
0.01686254000014742
0.017253849000098853
0.016797299000245403
0.019245675000092888
0.0183100569997805
0.017405236000286095
0.01844955599972309
0.017334071000277618
0.01677822500005277
0.016948612999840407
0.016932482999891363
0.017079924999961804
0.016809985000236338
0.01731160799999998
0.017021389000092313
0.01697633499998119
0.01705638800012821
0.016742003999752342
0.016703207999853475
0.016815095999845653
0.027613028999894595
0.01655837699991025
0.017405847999725665
0.01716420200000357
0.017525531000046612
0.01973277999968559
0.019851221999942936
0.017087129000174173
0.01683476200014411
0.017197202000261314
0.016983259999960865
0.017124664999755623
0.01785037799982092
