0.02339242700008981
0.019572812000205886
0.019421295000029204
0.01949451600012253
0.01955247900014001
0.01947186799998235
0.019514442999934545
0.019484442999782914
0.01951623800005109
0.01958983000031367
0.019476164000025165
0.019432257000062236
0.01946412799998143
0.01944690599975729
0.019536589999916032
0.01951457199993456
0.019478813000205264
0.01951338599974406
0.019529126999714208
0.019448110000212182
0.019450145999599044
0.019548923000002105
0.019552663000013126
0.019421701999817742
0.019620811000095273
0.019543312000223523
0.019525515999703202
0.01954231299987441
0.019507663999775104
0.019432036000125663
0.01954429399984292
0.019511294000039925
0.019613923000179057
0.019586903999879723
0.019476331000078062
0.01954127499993774
0.01952657099991484
0.019446092000180215
0.019512719999966066
0.01954403399986404
0.019492461000027106
0.019588755999848217
0.01944662799996877
0.019479591000163055
0.01945272099965223
0.01946331299996018
0.019444442999883904
0.019455350000043836
0.019535405000169703
0.01946916399992915
0.019483960999878036
0.01944966499968359
0.019459331999769347
0.019464997999875777
0.019485830999656173
0.01940153699979419
0.01949368300029164
0.01948199799971917
0.019499683000049117
0.019471646000056353
0.01943275800022093
0.01942905400028394
0.01946377600006599
0.019497905000207538
0.019475497999792424
