0.04738097499966898
0.042807026999980735
0.042974449999746867
0.04318887299996277
0.04314192900028502
0.043164447999970434
0.04285760000038863
0.04311841099979574
0.04301513500013243
0.0430003379997288
0.04279343500002142
0.04292809899970962
0.04333216699978948
0.04299491300025693
0.04280350799990629
0.043035820000113745
0.04492603099970438
0.04308433699998204
0.04741510499979995
0.04332214900023246
0.043590571000095224
0.04379593800013026
0.04355371900010141
0.043359258999771555
0.04354212700036442
0.043449757999951544
0.04332285200007391
0.04630201000009038
0.04344175799997174
0.043046985999808385
0.042837712000164174
0.04293530299992199
0.042849322999700235
0.04316663299960055
0.043218798999987484
0.042965654999989056
0.042837415999656514
0.04315735499994844
0.04288813700031824
0.04297819099974731
0.04308011599960082
0.0427969350002968
0.04307015300037165
0.047416457000053924
0.04298700599974836
0.043213983999976335
0.043056209000042145
0.04293274700012262
0.043096542000057525
0.04308241199987606
0.043035616999986814
0.04298439599961057
0.04304961600018942
0.04346798000005947
0.04360629299981156
0.043097263000163366
0.04304569099986111
0.04308600500007742
0.047163183000066056
0.043213595999986865
0.04304937599999903
0.043053320000126405
0.04283645299983618
0.04301552400011133
0.043127820000336214
