0.21314718600115157
0.3959649289990921
0.32389837299888313
0.32440642199981085
0.3767197870001837
0.3229157559999294
0.32276812800046173
0.37275002299975313
0.3874459079997905
0.15795878400058427
0.3741223750002973
0.32139336799991725
0.3224716129989247
0.3222507280006539
0.3214385530009167
0.33140972100045474
0.33961926299889456
0.32151708899982623
0.25068225900031393
0.34791437900094024
0.32250159499926667
0.32760536199930357
0.3797217850005836
0.3221988759996748
0.3217944369989709
0.37592399999994086
0.3217654930012941
0.2276828129997739
0.3291581009998481
0.32208006200016825
0.3223510960015119
0.3793422520011518
0.3225315010004124
0.32333987899983185
0.3817328509994695
0.3215942360002373
0.3224245769997651
0.24222660799932783
0.3245055869992939
0.32288834800056065
0.3603884399999515
0.32234505899941723
0.32192788000065775
0.37609771999996156
0.32309627200083924
0.22981747099947825
0.3364403220002714
0.32654428299974825
0.3227769429995533
0.37515660200006096
0.3229502920003142
0.3216181970001344
0.3215357169992785
0.3225731670008827
0.28366749999986496
0.3638938580006652
0.325373445999503
0.32399388999874645
0.355454799000654
0.3230020869996224
0.3215124210000795
0.32269062799969106
0.32162884500030486
0.23971010199966258
0.33198028599872487
