0.19051813499936543
0.18670944399946166
0.21635977499954606
0.1837680940006976
0.1839655349995155
0.18343563600046764
0.18376833500042267
0.2295792849999998
0.18378444599966315
0.18290788299964333
0.18428655000025174
0.18544125700009317
0.11744167300003028
0.18414407099953678
0.18389705499976117
0.18537953499981086
0.18382116800057702
0.2359217949997401
0.18393535100040026
0.18364603999998508
0.1860895449999589
0.18395814699943003
0.18246090799948433
0.18477419199916767
0.1839339440002732
0.18264749799982383
0.1060519149996253
0.1853697579999789
0.18476545100020303
0.1838527410000097
0.18369792899920867
0.20826169700012542
0.18314215800000966
0.18392248100008146
0.1838973519998035
0.183765816000232
0.20454500600044412
0.19140028999936476
0.18475847000081558
0.18332147100045404
0.09131857300053525
0.20068287100002635
0.18416595899998356
0.18208831999982067
0.18514218800009985
0.182343982999555
0.22060473799956526
0.19102461000056792
0.18264262799948483
0.1844486230002076
0.18240088999937143
0.2023144049999246
0.1844124749995899
0.1842246440000963
0.20408373400005075
0.08129281699984858
0.1980468510000719
0.2135192019995884
0.18218578300002264
0.1863717269998233
0.18392314799984888
0.2103894660003789
0.19638429899987386
0.18240663100004895
0.18350385699977778
