0.6271457970015035
0.6427460189988778
0.6210830609998084
0.595875889999661
0.6223911180004507
0.6267074500010494
0.5869199330008996
0.6214526670009946
0.49739815700013423
0.5698575259993959
0.5903768320004019
0.5985005960010312
0.5947814230003132
0.579711693999343
0.5848615329996392
0.5946761279992643
0.5416212279997126
0.565797264000139
0.6257993510007509
0.5270665099997132
0.6108061209997686
0.6062067180009763
0.6167698760000349
0.6247459940004774
0.6324275240003772
0.6113241329985613
0.5952833230003307
0.5949989939999796
0.5991812920001394
0.5581056419996457
0.507174935999501
0.5951990469984594
0.6172537029997329
0.5139852180000162
0.6250266579991148
0.5446245030016144
0.6164413799997419
0.5982580250001774
0.6076670509992255
0.6097222089993011
0.5456921000004513
0.6161275329995988
0.5933066270008567
0.5209839590006595
0.5819454789998417
0.6237460810007178
0.6056621139996423
0.6118028300006699
0.6115383150008711
0.5267769769998267
0.6190841050010931
0.537786667000546
0.6268965220006066
0.5435846460004541
0.616598934000649
0.5833956089991261
0.6340160769996146
0.586008332998972
0.5906409029994393
0.626879393001218
0.5092156320006325
0.5506852580001578
0.5980110479995346
0.6162545870010945
0.5972059279993118
