0.766625225000098
0.7518412469999021
0.699741988999449
0.5825583810001262
0.7479158160003863
0.6996041949987557
0.7512867159985035
0.736441813998681
0.6982289340012358
0.7209621229994809
0.7524287199994433
0.6479897999997775
0.7200320239990106
0.7497079020013189
0.7488597829997161
0.653246694999325
0.7382112150007742
0.7481151629999658
0.6999626140004693
0.7427187680004863
0.5793679189991963
0.6981812100002571
0.7528227120001247
0.7485328599996137
0.567759642000965
0.7444709299998067
0.7513503970003512
0.6987202580003213
0.738859446000788
0.600290334001329
0.7008496919988829
0.7507320889999392
0.7521914960016147
0.6075455369991687
0.7197430050000548
0.7497112309993099
0.730160999999498
0.6977406200003315
0.5889822560002358
0.7424184350002179
0.6964308030001121
0.7492948280014389
0.7398033949993987
0.7776650750001863
0.7488450739983818
0.7480969539992657
0.7453235079992737
0.5960984969988203
0.7462403480003559
0.716090826999789
0.6998630730013247
0.656127985999774
0.7533941080000659
0.6968040560004738
0.7499669659991923
0.6796671829997649
0.6586911550002696
0.7655595800006267
0.7528285389998928
0.6994508730003872
0.5796782809993601
0.7477343819991802
0.7085899029989378
0.7556360770013271
0.7462864929984789
