0.23866931500015198
0.12864185200032807
0.1278253840000616
0.08895781899991562
0.07881601799999771
0.12742840800001431
0.1282099139998536
0.1272000039998602
0.12797234499976184
0.1186204199993881
0.12958031899961497
0.15293037199990067
0.12719178300085332
0.12815747200056649
0.10056341299969063
0.12906734599982883
0.15385771000001114
0.12778057099967555
0.12756600099965
0.09240643299926887
0.12886797999999544
0.12804336400040484
0.15523722600028123
0.12283231799938221
0.07371197200063762
0.12777020199973776
0.12745652200010227
0.1516047660006734
0.09428307000052882
0.1270809920006286
0.12690603099963482
0.12965995000013208
0.12708610299978318
0.15271723099976953
0.07740111800012528
0.12698962300055427
0.12773381500028336
0.12808308700005
0.1287715019998359
0.09319653300008213
0.05162128800020582
0.07931545700012066
0.13207415399938327
0.1287701510000261
0.13080471200009924
0.08375168400016264
0.13149581200013927
0.1290862579999157
0.12768644700008736
0.12697325499993894
0.07823749399994995
0.12746915400020953
0.1268075170000884
0.13041373799933353
0.13851512700057356
0.10563913199985109
0.12882131900005334
0.1479803100000936
0.12963326899989625
0.11829674599994178
0.12817143999927794
0.13169847700009996
0.1513509239994164
0.12737302799996542
0.09007545500026026
