0.23723679400063702
0.14204555600008462
0.12594850800087443
0.12738335499943787
0.12707726699954947
0.12568516000010277
0.14069556000049488
0.1284634849998838
0.13158871199993882
0.12668179299998883
0.12686843800020142
0.12947987600000488
0.129003885000202
0.12785081099991658
0.13194909499998175
0.1307694849992913
0.1266615910008113
0.1273176530003184
0.1275368910000907
0.14392467499965278
0.1281953430006979
0.13564681299976655
0.12831697099954908
0.12703680699996767
0.1252821699999913
0.12643763199957903
0.136792164000326
0.1281852149995757
0.12658577899946977
0.12688433000039367
0.13108668600034434
0.12645272499958082
0.1565811720001875
0.14290608399915072
0.12707262399999308
0.1281177540004137
0.13606125300066196
0.1263681540003745
0.12727774899940414
0.14188108300004387
0.1264275789999374
0.12619606499993097
0.13170734399955109
0.12843771200004994
0.12670644500030903
0.12742161900041538
0.15617773699977988
0.1634182839998175
0.23027545900004043
0.21127410600001895
0.16820737199941505
0.12885781899967697
0.1311979469992366
0.17788365800061
0.21008786700076598
0.23916038900006242
0.17071840700009489
0.1261432719993536
0.13113118999990547
0.12781026299944642
0.1275540999995428
0.12864686099965184
0.13316599100016902
0.12665535699943575
0.12902685399967595
