0.05723176500032423
0.051698407999538176
0.051605243000267365
0.051642872000229545
0.0516394649994254
0.05152137400000356
0.05157026200049586
0.05174811100005172
0.051565946999289736
0.051480948999596876
0.05161735399997269
0.05162944699986838
0.05272492899985082
0.051578448000327626
0.051680814999599534
0.051578503000200726
0.051627354000629566
0.051487504000760964
0.05153792900000553
0.05163950200039835
0.051632686999255384
0.051690649000192934
0.0515076149995366
0.05154715099979512
0.05152796699985629
0.05171372299992072
0.0517075930001738
0.05166505699980917
0.05173372299941548
0.05168129800040333
0.051728686000387825
0.05156403999990289
0.05159204000028694
0.05162161400039622
0.05154457699973136
0.0515891510003712
0.051587115000074846
0.051629262000460585
0.05164372400031425
0.0517111119997935
0.051627558000291174
0.051647873000547406
0.05160159599927283
0.051593762999800674
0.051784796999527316
0.05164002099991194
0.05173796399958519
0.05176494500028639
0.05162291000033292
0.05164863199934189
0.051829777999955695
0.05180105499948695
0.05177207500037184
0.051692741999431746
0.051770185000350466
0.051727298000514566
0.05165316900001926
0.05172822299937252
0.05159028100024443
0.05171042700021644
0.051854610000191315
0.05163498399997479
0.051680927999768755
0.05160992899982375
0.05176561200005381
